Applications Graphics Acceleration Info:

Uptime: 1935074 Realtime: 1935074



** Graphics info for pid 8668 [com.igor.fridge.debug] **



Stats since: 1926794069200ns

Total frames rendered: 121

Janky frames: 93 (76.86%)

Janky frames (legacy): 121 (100.00%)

50th percentile: 65ms

90th percentile: 150ms

95th percentile: 150ms

99th percentile: 250ms

Number Missed Vsync: 44

Number High input latency: 54

Number Slow UI thread: 78

Number Slow bitmap uploads: 1

Number Slow issue draw commands: 93

Number Frame deadline missed: 93

Number Frame deadline missed (legacy): 95

HISTOGRAM: 5ms=0 6ms=0 7ms=0 8ms=0 9ms=0 10ms=0 11ms=0 12ms=0 13ms=0 14ms=0 15ms=0 16ms=0 17ms=0 18ms=0 19ms=1 20ms=1 21ms=0 22ms=0 23ms=0 24ms=0 25ms=1 26ms=1 27ms=2 28ms=0 29ms=0 30ms=1 31ms=2 32ms=2 34ms=2 36ms=2 38ms=4 40ms=4 42ms=1 44ms=3 46ms=3 48ms=13 53ms=5 57ms=5 61ms=4 65ms=8 69ms=7 73ms=1 77ms=6 81ms=4 85ms=1 89ms=3 93ms=2 97ms=1 101ms=4 105ms=1 109ms=1 113ms=1 117ms=4 121ms=0 125ms=2 129ms=0 133ms=2 150ms=13 200ms=1 250ms=2 300ms=0 350ms=0 400ms=0 450ms=0 500ms=0 550ms=0 600ms=0 650ms=0 700ms=0 750ms=0 800ms=0 850ms=0 900ms=0 950ms=0 1000ms=0 1050ms=0 1100ms=0 1150ms=0 1200ms=0 1250ms=0 1300ms=0 1350ms=0 1400ms=0 1450ms=0 1500ms=0 1550ms=0 1600ms=0 1650ms=0 1700ms=0 1750ms=0 1800ms=0 1850ms=0 1900ms=0 1950ms=0 2000ms=0 2050ms=0 2100ms=0 2150ms=0 2200ms=0 2250ms=0 2300ms=0 2350ms=0 2400ms=0 2450ms=0 2500ms=0 2550ms=0 2600ms=0 2650ms=0 2700ms=0 2750ms=0 2800ms=0 2850ms=0 2900ms=0 2950ms=0 3000ms=0 3050ms=0 3100ms=0 3150ms=0 3200ms=0 3250ms=0 3300ms=0 3350ms=0 3400ms=0 3450ms=0 3500ms=0 3550ms=0 3600ms=0 3650ms=0 3700ms=0 3750ms=0 3800ms=0 3850ms=0 3900ms=0 3950ms=0 4000ms=0 4050ms=0 4100ms=0 4150ms=0 4200ms=0 4250ms=0 4300ms=0 4350ms=0 4400ms=0 4450ms=0 4500ms=0 4550ms=0 4600ms=0 4650ms=0 4700ms=0 4750ms=0 4800ms=0 4850ms=0 4900ms=0 4950ms=0

50th gpu percentile: 4950ms

90th gpu percentile: 4950ms

95th gpu percentile: 4950ms

99th gpu percentile: 4950ms

GPU HISTOGRAM: 1ms=0 2ms=0 3ms=0 4ms=0 5ms=0 6ms=0 7ms=0 8ms=0 9ms=0 10ms=0 11ms=0 12ms=4 13ms=5 14ms=1 15ms=2 16ms=0 17ms=2 18ms=5 19ms=0 20ms=5 21ms=6 22ms=5 23ms=2 24ms=6 25ms=2 4950ms=76



Pipeline=Skia (OpenGL)

Memory policy:

  Max surface area: 2527200

  Max resource usage: 121.31MB (x48)

  Background retention: 50% (altUiHidden = true)

  GPU Context timeout: 10

Contexts: 1 (stopped = 0)

CPU Caches:

  Glyph Cache: 87.71 KB (1 entry)

  Glyph Count: 25 

Total CPU memory usage:

  89815 bytes, 87.71 KB (0.00 bytes is purgeable)

GPU Caches:

  Other:

    Other: 17.94 KB (1 entry)

  Image:

    Texture: 271.32 KB (70 entries)

  Scratch:

    Buffer Object: 112.00 KB (3 entries)

    Texture: 4.00 MB (3 entries)

Total GPU memory usage:

  4605318 bytes, 4.39 MB (273.30 KB is purgeable)



GraphicBufferAllocator buffers:

        Handle |        Size |     W (Stride) x H | Layers |   Format |      Usage | Requestor

0x700a34d063d0 |     unknown | 1080 (   0) x 2340 |      1 |        1 | 0x     b00 | VRI[MainActivity]#0(BLAST Consumer)0

0x700a34d068e0 |     unknown | 1080 (   0) x 2340 |      1 |        1 | 0x     b00 | VRI[MainActivity]#0(BLAST Consumer)0

0x700a34d09430 |     unknown | 1080 (   0) x 2340 |      1 |        1 | 0x     b00 | VRI[MainActivity]#0(BLAST Consumer)0

Total allocated by GraphicBufferAllocator (estimate): 0.00 KB

GoldfishAllocator::dumpDebugInfo is not implemented

Profile data in ms:



	com.igor.fridge.debug/com.igor.fridge.MainActivity/android.view.ViewRootImpl@2789e93 (visibility=0)

Window: com.igor.fridge.debug/com.igor.fridge.MainActivity

Stats since: 1926794052100ns

Total frames rendered: 121

Janky frames: 93 (76.86%)

Janky frames (legacy): 121 (100.00%)

50th percentile: 65ms

90th percentile: 150ms

95th percentile: 150ms

99th percentile: 250ms

Number Missed Vsync: 44

Number High input latency: 54

Number Slow UI thread: 78

Number Slow bitmap uploads: 1

Number Slow issue draw commands: 93

Number Frame deadline missed: 93

Number Frame deadline missed (legacy): 95

HISTOGRAM: 5ms=0 6ms=0 7ms=0 8ms=0 9ms=0 10ms=0 11ms=0 12ms=0 13ms=0 14ms=0 15ms=0 16ms=0 17ms=0 18ms=0 19ms=1 20ms=1 21ms=0 22ms=0 23ms=0 24ms=0 25ms=1 26ms=1 27ms=2 28ms=0 29ms=0 30ms=1 31ms=2 32ms=2 34ms=2 36ms=2 38ms=4 40ms=4 42ms=1 44ms=3 46ms=3 48ms=13 53ms=5 57ms=5 61ms=4 65ms=8 69ms=7 73ms=1 77ms=6 81ms=4 85ms=1 89ms=3 93ms=2 97ms=1 101ms=4 105ms=1 109ms=1 113ms=1 117ms=4 121ms=0 125ms=2 129ms=0 133ms=2 150ms=13 200ms=1 250ms=2 300ms=0 350ms=0 400ms=0 450ms=0 500ms=0 550ms=0 600ms=0 650ms=0 700ms=0 750ms=0 800ms=0 850ms=0 900ms=0 950ms=0 1000ms=0 1050ms=0 1100ms=0 1150ms=0 1200ms=0 1250ms=0 1300ms=0 1350ms=0 1400ms=0 1450ms=0 1500ms=0 1550ms=0 1600ms=0 1650ms=0 1700ms=0 1750ms=0 1800ms=0 1850ms=0 1900ms=0 1950ms=0 2000ms=0 2050ms=0 2100ms=0 2150ms=0 2200ms=0 2250ms=0 2300ms=0 2350ms=0 2400ms=0 2450ms=0 2500ms=0 2550ms=0 2600ms=0 2650ms=0 2700ms=0 2750ms=0 2800ms=0 2850ms=0 2900ms=0 2950ms=0 3000ms=0 3050ms=0 3100ms=0 3150ms=0 3200ms=0 3250ms=0 3300ms=0 3350ms=0 3400ms=0 3450ms=0 3500ms=0 3550ms=0 3600ms=0 3650ms=0 3700ms=0 3750ms=0 3800ms=0 3850ms=0 3900ms=0 3950ms=0 4000ms=0 4050ms=0 4100ms=0 4150ms=0 4200ms=0 4250ms=0 4300ms=0 4350ms=0 4400ms=0 4450ms=0 4500ms=0 4550ms=0 4600ms=0 4650ms=0 4700ms=0 4750ms=0 4800ms=0 4850ms=0 4900ms=0 4950ms=0

50th gpu percentile: 4950ms

90th gpu percentile: 4950ms

95th gpu percentile: 4950ms

99th gpu percentile: 4950ms

GPU HISTOGRAM: 1ms=0 2ms=0 3ms=0 4ms=0 5ms=0 6ms=0 7ms=0 8ms=0 9ms=0 10ms=0 11ms=0 12ms=4 13ms=5 14ms=1 15ms=2 16ms=0 17ms=2 18ms=5 19ms=0 20ms=5 21ms=6 22ms=5 23ms=2 24ms=6 25ms=2 4950ms=76







---PROFILEDATA---

Flags,FrameTimelineVsyncId,IntendedVsync,Vsync,InputEventId,HandleInputStart,AnimationStart,PerformTraversalsStart,DrawStart,FrameDeadline,FrameInterval,FrameStartTime,SyncQueued,SyncStart,IssueDrawCommandsStart,SwapBuffers,FrameCompleted,DequeueBufferDuration,QueueBufferDuration,GpuCompleted,SwapBuffersCompleted,DisplayPresentTime,CommandSubmissionCompleted,

0,141748,1927430244028,1927430244028,-328237987,1927434049300,1927434087900,1927434394100,1927434542600,1927446910694,1927434020400,16666666,1927435029000,1927435823900,1927435915100,1927437511700,1927451946400,34300,815700,1927451786600,1927451946400,0,1927437511700,

0,141755,1927446910694,1927446910694,0,1927452984300,1927453017800,1927453071600,1927453216800,1927480244026,1927452963100,16666666,1927462682200,1927463386000,1927463551800,1927478241200,1927499518100,46600,791900,1927499247100,1927499518100,0,1927478241200,

0,141771,1927580244022,1927580244022,-676526291,1927582747000,1927587493300,1927605899600,1927606015200,1927596910688,1927582731900,16666666,1927611057300,1927611808700,1927611960800,1927613888700,1927635482200,41300,3385400,1927635251500,1927635482200,0,1927613888700,

0,141785,1927596910688,1927596910688,-625943379,1927613233200,1927619492200,1927641215600,1927641528400,1927663577352,1927613207300,16666666,1927641572900,1927642453500,1927642672700,1927649433000,1927681525400,41300,964400,1927681525400,1927675218400,0,1927649433000,

0,141806,1927630244020,1927630244020,-646533230,1927643269100,1927665589400,1927670642500,1927670861500,1927713577350,1927643243900,16666666,1927670907700,1927676765100,1927677056400,1927681471000,1927701575600,32300,581000,1927701399800,1927701575600,0,1927681471000,

0,141836,1927680244018,1927680244018,-68235192,1927681704700,1927687016700,1927696053300,1927696391200,1927730244016,1927681669500,16666666,1927696435000,1927702711400,1927703066300,1927704689900,1927738075500,16888900,1162400,1927720982100,1927738075500,0,1927704689900,

0,141850,1927696910684,1927696910684,-759390361,1927704549500,1927710007900,1927802300600,1927802694800,1927746910682,1927704240000,16666666,1927839252000,1927839831700,1927840006300,1927842034500,1927871365200,410800,696500,1927870779800,1927871365200,0,1927842034500,

0,141865,1927713577350,1927830244012,-266547391,1927842177800,1927847361800,1927878592000,1927878769600,1927896910676,1927840979400,16666666,1927879773300,1927880302700,1927880584700,1927920841900,1927964443200,43500,737000,1927964443200,1927957643900,0,1927920841900,

0,141980,1928113577334,1928113577334,-118108675,1928117762700,1928120035000,1928123857400,1928124042300,1928130244000,1928117740100,16666666,1928124078200,1928125205900,1928126687500,1928129220100,1928142432400,40000,548600,1928142164300,1928142432400,0,1928129220100,

0,141994,1928130244000,1928130244000,-552090063,1928139633900,1928143310700,1928148790400,1928148934400,1928163577332,1928139604700,16666666,1928149343800,1928160140700,1928160434700,1928165129200,1928198194600,44300,432400,1928198194600,1928181459900,0,1928165129200,

0,142009,1928146910666,1928163577332,-976564032,1928166121700,1928168386300,1928171368000,1928171487800,1928230243996,1928166087600,16666666,1928171527300,1928182091700,1928182278900,1928183579400,1928216453200,15444400,612700,1928216453200,1928214876900,0,1928183579400,

0,142030,1928180243998,1928180243998,-959949083,1928194741100,1928210473600,1928217815400,1928217976300,1928246910662,1928194723200,16666666,1928218060600,1928218675500,1928218887900,1928223808500,1928247145800,43800,1043000,1928246681300,1928247145800,0,1928223808500,

0,142045,1928196910664,1928213577330,-399331464,1928222965400,1928236431000,1928277241400,1928278257100,1928263577328,1928222941500,16666666,1928291354200,1928293263700,1928293803800,1928295764200,1928315014400,42300,543600,1928315014400,1928312022500,0,1928295764200,

0,142075,1928246910662,1928280243994,-554699704,1928294460300,1928303324800,1928315915000,1928316098900,1928346910658,1928294436600,16666666,1928316565900,1928326971000,1928327191400,1928329663800,1928364785200,89600,645100,1928364785200,1928353132700,0,1928329663800,

0,142097,1928313577326,1928330243992,-760965146,1928345996400,1928352588100,1928413898700,1928414050100,1928396910656,1928345595700,16666666,1928433285800,1928434386900,1928434626700,1928437730600,1928498002600,41200,738500,1928498002600,1928496330500,0,1928437730600,

0,142119,1928363577324,1928430243988,-948118656,1928438399400,1928444329800,1928497497600,1928497677300,1928530243984,1928438360800,16666666,1928498325800,1928501716400,1928501941500,1928514682900,1928566083200,109300,798000,1928565722100,1928566083200,0,1928514682900,

0,142141,1928513577318,1928530243984,-165761002,1928533072300,1928533119100,1928533209000,1928533353500,1928596910648,1928533052100,16666666,1928571295400,1928571926200,1928572122200,1928595617800,1928624205700,48900,1136900,1928623816200,1928624205700,0,1928595617800,

0,142164,1928796910640,1928796910640,-541434228,1928798450000,1928802474100,1928807810700,1928807966500,1928813577306,1928798420600,16666666,1928808004100,1928808912100,1928809211500,1928811809400,1928848412200,35100,411700,1928848412200,1928829600800,0,1928811809400,

0,142178,1928813577306,1928813577306,-783534323,1928816002800,1928820247400,1928822940400,1928823289400,1928880243970,1928815986700,16666666,1928823337600,1928830640000,1928831015800,1928835852600,1928870244800,15033500,798100,1928868792500,1928870244800,0,1928835852600,

0,142192,1928830243972,1928830243972,-647350819,1928834524500,1928845052600,1928872743200,1928872911200,1928896910636,1928834497400,16666666,1928886973200,1928887376200,1928887527300,1928889326400,1928915805100,40500,1255300,1928915805100,1928901690100,0,1928889326400,

0,142207,1928846910638,1928880243970,-114515141,1928888525800,1928897521500,1928899411900,1928899615100,1928946910634,1928888482800,16666666,1928900762700,1928902652900,1928902847700,1928906414700,1928951074900,45900,1962200,1928950852500,1928951074900,0,1928906414700,

0,142244,1928913577302,1928913577302,-807777994,1928916272200,1928919333100,1928951319800,1928951508000,1928980243966,1928916242800,16666666,1928951897400,1928963442700,1928963588000,1928998833900,1929052500900,18190600,1013500,1929034138400,1929052500900,0,1928998833900,

0,142258,1928930243968,1928963577300,-88032736,1928968497000,1928977092500,1929020479200,1929020756200,1929063577296,1928968463000,16666666,1929020817800,1929060861600,1929061247800,1929070940300,1929108304500,43200,1384600,1929106441500,1929108304500,0,1929070940300,

0,142273,1928996910632,1929046910630,-523996285,1929062436100,1929064758900,1929137768900,1929138335800,1929130243960,1929062406900,16666666,1929150242100,1929150677100,1929150843000,1929155017800,1929182484000,57500,869900,1929182484000,1929170791100,0,1929155017800,

0,142295,1929063577296,1929146910626,-494000433,1929151922000,1929155598700,1929204288300,1929204416600,1929213577290,1929151890800,16666666,1929212651300,1929213893800,1929214117800,1929216086500,1929236948000,46600,866000,1929235918600,1929236948000,0,1929216086500,

0,142333,1929263577288,1929263577288,-796728104,1929272171400,1929272238600,1929272396100,1929272504900,1929280243954,1929272144100,16666666,1929276437200,1929277494400,1929277694600,1929279092100,1929290441900,37000,607300,1929290240500,1929290441900,0,1929279092100,

0,142348,1929380243950,1929380243950,-611829176,1929381189300,1929383536800,1929392715200,1929392870500,1929396910616,1929381166900,16666666,1929393290300,1929394136300,1929394297600,1929396348200,1929408729700,37000,1751400,1929408524800,1929408729700,0,1929396348200,

0,142362,1929396910616,1929396910616,-148260841,1929399823600,1929404178000,1929407783300,1929407919100,1929430243948,1929399800400,16666666,1929407958200,1929409318500,1929409968700,1929411289800,1929438505700,47500,843600,1929438249700,1929438505700,0,1929411289800,

0,142377,1929413577282,1929413577282,-499670919,1929414818000,1929418071800,1929419846400,1929419994100,1929463577280,1929414791200,16666666,1929420040300,1929439303600,1929439464500,1929441451200,1929481951800,1415600,494000,1929481951800,1929469535500,0,1929441451200,

0,142406,1929446910614,1929446910614,-567228975,1929449611900,1929451632900,1929467534000,1929467656900,1929513577278,1929449570700,16666666,1929467697400,1929470562700,1929470777000,1929472398500,1929501666400,15355700,2416600,1929500390300,1929501666400,0,1929472398500,

0,142435,1929480243946,1929480243946,-654919958,1929482604700,1929487126400,1929489649800,1929490967800,1929530243944,1929482585900,16666666,1929500390300,1929503569800,1929503762700,1929505031900,1929528455300,41900,353100,1929528245900,1929528455300,0,1929505031900,

0,142450,1929496910612,1929496910612,-652585264,1929504412900,1929507337800,1929517593500,1929518039300,1929546910610,1929504387500,16666666,1929518532000,1929529415400,1929529639200,1929533893400,1929585116700,50500,1231100,1929585116700,1929566746800,0,1929533893400,

0,142464,1929513577278,1929530243944,-626165463,1929531735400,1929543758400,1929547588000,1929547741400,1929613577274,1929531707500,16666666,1929547781900,1929569929400,1929570074100,1929571595800,1929631389600,1047900,658300,1929631389600,1929614866100,0,1929571595800,

0,142486,1929546910610,1929563577276,-410822570,1929570599300,1929573909900,1929575909100,1929586003400,1929663577272,1929570574500,16666666,1929586065500,1929615515700,1929615763600,1929617699800,1929665253700,24373300,532400,1929665253700,1929662308100,0,1929617699800,

0,142501,1929580243942,1929613577274,-421497068,1929616959100,1929620001700,1929639832100,1929639981400,1929696910604,1929616929000,16666666,1929659623000,1929663221400,1929663565800,1929665790600,1929717574000,679100,852600,1929717574000,1929706542200,0,1929665790600,

0,142523,1929630243940,1929663577272,-38200986,1929665374200,1929703154500,1929742981200,1929743149200,1929746910602,1929665354200,16666666,1929743601100,1929744209200,1929746712300,1929765404300,1929798428200,192800,1648100,1929798428200,1929781880100,0,1929765404300,

0,142611,1929913577262,1929913577262,-122082581,1929916089900,1929919400500,1929924736900,1929925635700,1929930243928,1929916068400,16666666,1929925766100,1929926475400,1929926603000,1929927796500,1929948054400,35000,491100,1929948054400,1929937902200,0,1929927796500,

0,142625,1929930243928,1929930243928,-237567692,1929932660000,1929934731100,1929937962000,1929938081700,1929980243926,1929932638200,16666666,1929938106900,1929938839800,1929939120700,1929941039100,1929982769700,975700,1207300,1929982769700,1929967636400,0,1929941039100,

0,142640,1929946910594,1929963577260,-1062498036,1929967969200,1929970375300,1929973630200,1929973726700,1930013577258,1929967677600,16666666,1929973757300,1929974248400,1929974379700,1929975291400,1930001712300,16031500,511700,1929999056800,1930001712300,0,1929975291400,

0,142662,1929980243926,1929996910592,-803804949,1929999683600,1930005006600,1930008949900,1930009113300,1930030243924,1929999664400,16666666,1930011894200,1930013013900,1930013174400,1930014500900,1930025887200,39500,440100,1930025532200,1930025887200,0,1930014500900,

0,142684,1930013577258,1930013577258,-518918628,1930015036900,1930020577300,1930026108100,1930026501100,1930046910590,1930015009200,16666666,1930027321100,1930027974400,1930028233800,1930031454500,1930065553600,8068900,381000,1930065553600,1930062031600,0,1930031454500,

0,142699,1930030243924,1930030243924,-133890471,1930034222100,1930036434100,1930039454400,1930041926900,1930096910588,1930034186500,16666666,1930041965700,1930062518400,1930062774900,1930063757900,1930087579000,41200,1663000,1930087384800,1930087579000,0,1930063757900,

0,142728,1930063577256,1930063577256,-126831586,1930068880000,1930071085100,1930072404100,1930072521500,1930113577254,1930068864000,16666666,1930072558900,1930088409000,1930088524300,1930090677900,1930115779200,13188500,334400,1930115779200,1930113665200,0,1930090677900,

0,142757,1930096910588,1930096910588,-312693239,1930099193200,1930103719300,1930124358100,1930125006800,1930146910586,1930099166800,16666666,1930129171300,1930130083000,1930130304800,1930146834200,1930186086700,46700,3485900,1930185842100,1930186086700,0,1930146834200,

0,142772,1930113577254,1930130243920,-552462188,1930131448600,1930139794000,1930217508300,1930217644300,1930213577250,1930131424900,16666666,1930218692500,1930220640900,1930221168200,1930227855900,1930255871300,46300,2049100,1930253413700,1930255871300,0,1930227855900,

0,142786,1930146910586,1930213577250,-870727296,1930228209000,1930242633200,1930244520500,1930244617000,1930280243914,1930228183000,16666666,1930244651800,1930258278300,1930258449500,1930268464200,1930322560800,40900,597200,1930322280200,1930322560800,0,1930268464200,

0,142816,1930280243914,1930296910580,-591570914,1930310791900,1930310836700,1930310955300,1930311184000,1930346910578,1930310732700,16666666,1930327349700,1930329450900,1930329590900,1930332881300,1930354032000,48100,1111400,1930352989100,1930354032000,0,1930332881300,

0,142839,1930480243906,1930480243906,-188131250,1930481972300,1930483638300,1930485516300,1930485600600,1930496910572,1930481958000,16666666,1930485630000,1930486306200,1930486464100,1930487938000,1930515513100,37000,393200,1930515513100,1930497911000,0,1930487938000,

0,142853,1930496910572,1930496910572,-382035238,1930498177300,1930500351700,1930504525400,1930505002200,1930546910570,1930498161500,16666666,1930508450500,1930509068500,1930509237400,1930510277300,1930548818900,6401900,889400,1930548818900,1930535356700,0,1930510277300,

0,142868,1930513577238,1930513577238,-84170063,1930515537900,1930518546300,1930534180200,1930536338400,1930580243902,1930515513100,16666666,1930537119900,1930539823500,1930540039400,1930541502800,1930564989600,8234600,1100700,1930564989600,1930562260900,0,1930541502800,

0,142882,1930530243904,1930530243904,-7610295,1930540967500,1930544248800,1930551644300,1930552778400,1930596910568,1930540945000,16666666,1930554180400,1930562865200,1930563071700,1930565283300,1930599159400,39400,591300,1930599159400,1930584179800,0,1930565283300,

0,142897,1930546910570,1930563577236,-812261092,1930565047600,1930569276800,1930572052300,1930572157500,1930630243900,1930565025400,16666666,1930572195500,1930584769100,1930584959200,1930586279500,1930616267000,6036900,2168400,1930616267000,1930613701100,0,1930586279500,

0,142919,1930580243902,1930580243902,-211637752,1930594761100,1930596047900,1930599483600,1930599754000,1930646910566,1930594744500,16666666,1930599805700,1930614375000,1930614575900,1930616809800,1930642534300,29300,684300,1930642320500,1930642534300,0,1930616809800,

0,142934,1930596910568,1930613577234,-356947377,1930616448100,1930619610200,1930621506900,1930621639100,1930663577232,1930616428900,16666666,1930621677600,1930643207000,1930643312600,1930644539200,1930669513400,50500,506400,1930669513400,1930662715500,0,1930644539200,

0,142956,1930630243900,1930630243900,-921308770,1930643881300,1930645916100,1930671280900,1930671376700,1930696910564,1930643860200,16666666,1930678431000,1930678998900,1930679187600,1930680410600,1930710712600,281800,445800,1930710712600,1930691811300,0,1930680410600,

0,142971,1930646910566,1930663577232,-695761728,1930679660000,1930681311100,1930686547300,1930686710400,1930730243896,1930679637400,16666666,1930687025600,1930693162600,1930693691500,1930698748200,1930720682900,9702900,448100,1930710821600,1930720682900,0,1930698748200,

0,142993,1930680243898,1930696910564,-641505129,1930697874100,1930699269900,1930701337700,1930701443300,1930696910564,1930697855200,16666666,1930701715200,1930721819500,1930722001100,1930723404100,0,18008400,623700,72057628415623326,1930763745300,0,1930723404100,

0,143015,1930713577230,1930713577230,-706773308,1930722589700,1930725530500,1930755727900,1930755840500,1930746910562,1930722558500,16666666,1930762222200,1930764820100,1930764958500,1930766309100,1930811925100,28200,983000,1930811764500,1930811925100,0,1930766309100,

0,143030,1930730243896,1930763577228,-353681012,1930765748800,1930767569000,1930770191700,1930770309100,1930830243892,1930765733000,16666666,1930770748300,1930812436700,1930812584500,1930815139100,1930846211000,47600,10329800,1930845553300,1930846211000,0,1930815139100,

0,143145,1931030243884,1931030243884,-914814918,1931033309600,1931036447400,1931040367300,1931040464100,1931046910550,1931033294900,16666666,1931040665000,1931042274900,1931042472700,1931043898900,1931062223000,160500,7275300,1931061696400,1931062223000,0,1931043898900,

0,143159,1931046910550,1931046910550,-317157503,1931050223300,1931052034300,1931062119500,1931062268200,1931080243882,1931050183100,16666666,1931062304200,1931064668100,1931064789300,1931066783800,1931101423700,67200,1275700,1931101423700,1931088619400,0,1931066783800,

0,143174,1931063577216,1931063577216,-243429077,1931065869400,1931081845700,1931083338600,1931083498000,1931130243880,1931065854500,16666666,1931083540500,1931089265900,1931089469000,1931092427200,1931121931700,43300,5053700,1931121375200,1931121931700,0,1931092427200,

0,143203,1931096910548,1931096910548,-805605218,1931098303700,1931100001700,1931103477500,1931103612300,1931146910546,1931098276000,16666666,1931103652700,1931122475500,1931122676100,1931124169500,1931147496900,42300,1019300,1931147271600,1931147496900,0,1931124169500,

0,143217,1931113577214,1931113577214,-895094612,1931123385600,1931128058700,1931156695900,1931157322600,1931180243878,1931123356300,16666666,1931163221300,1931163770500,1931163911300,1931175946400,1931197852700,42400,587500,1931197852700,1931187905700,0,1931175946400,

0,143232,1931130243880,1931163577212,-821952236,1931165048100,1931166687900,1931168193900,1931174127700,1931230243876,1931165021000,16666666,1931175216900,1931188672400,1931188887700,1931190575700,1931223547500,52100,696000,1931223341000,1931223547500,0,1931190575700,

0,143261,1931180243878,1931180243878,-17982790,1931189553300,1931192100600,1931197497200,1931197606300,1931246910542,1931189524500,16666666,1931197892600,1931224196500,1931224418600,1931226529900,1931255631800,14222700,410800,1931241227900,1931255631800,0,1931226529900,

0,143276,1931196910544,1931213577210,-729591640,1931225483700,1931229184500,1931236091200,1931237149200,1931263577208,1931225459600,16666666,1931237204900,1931256205300,1931256400700,1931259069100,1931279850000,38200,1059300,1931279462700,1931279850000,0,1931259069100,

0,143298,1931230243876,1931246910542,-640764353,1931256843700,1931259192700,1931297383000,1931297518600,1931296910540,1931256816000,16666666,1931303565800,1931304082900,1931304244300,1931309889300,1931364126500,42200,530200,1931364126500,1931331657800,0,1931309889300,

0,143320,1931263577208,1931296910540,-100515551,1931305035900,1931306364200,1931310016700,1931310103200,1931396910536,1931305012200,16666666,1931310422500,1931332188000,1931333140100,1931334596200,1931387840000,14469200,7277300,1931373160800,1931387840000,0,1931334596200,

0,143435,1931596910528,1931596910528,-41706725,1931598465400,1931600596400,1931603246400,1931603366900,1931613577194,1931598444300,16666666,1931603401300,1931605020900,1931605351700,1931606424400,1931618315900,40900,426500,1931618093300,1931618315900,0,1931606424400,

0,143449,1931613577194,1931613577194,-811490192,1931615734400,1931619436200,1931621736300,1931621865400,1931646910526,1931615713400,16666666,1931621906200,1931623157200,1931623618100,1931627313600,1931654143200,40300,395100,1931653945500,1931654143200,0,1931627313600,

0,143464,1931630243860,1931630243860,-481652879,1931633548800,1931636267500,1931650579600,1931650736900,1931680243858,1931633524900,16666666,1931650777200,1931654744900,1931654944100,1931657512800,1931697602200,243400,1099000,1931696976300,1931697602200,0,1931657512800,

0,143493,1931663577192,1931680243858,-374987422,1931685743400,1931689729600,1931692769800,1931693265800,1931730243856,1931685710100,16666666,1931697812600,1931700133800,1931700255900,1931709567400,1931732290000,40800,413700,1931732290000,1931723578600,0,1931709567400,

0,143508,1931696910524,1931713577190,-685350514,1931715274700,1931717347200,1931718732300,1931719260200,1931763577188,1931714473400,16666666,1931719755300,1931725125900,1931725609600,1931729124000,1931767618600,35000,6431200,1931767376700,1931767618600,0,1931729124000,

0,143530,1931730243856,1931730243856,-931794883,1931733086700,1931734827400,1931770746600,1931770872900,1931796910520,1931733059200,16666666,1931771197500,1931772403000,1931772883400,1931774322900,1931802183500,1663400,1230500,1931800174500,1931802183500,0,1931774322900,

0,143544,1931746910522,1931763577188,-588403378,1931773569100,1931777609400,1931779443500,1931779565000,1931830243852,1931773536800,16666666,1931779604600,1931802910800,1931803079600,1931804445600,1931836678200,18617000,881700,1931817741200,1931836678200,0,1931804445600,

0,143566,1931780243854,1931796910520,-115208414,1931803787300,1931806188700,1931827189500,1931827337000,1931846910518,1931803760200,16666666,1931835783000,1931838269900,1931838545100,1931840481000,1931858977500,43200,1291100,1931858178900,1931858977500,0,1931840481000,

0,143588,1931813577186,1931830243852,-1007671487,1931839518700,1931843994900,1931850241800,1931850376800,1931880243850,1931839498300,16666666,1931850667200,1931860294900,1931861784500,1931863902800,1931912021200,41700,431600,1931912021200,1931884300200,0,1931863902800,

0,143618,1931863577184,1931863577184,-1052689464,1931866429000,1931868259300,1931870313500,1931870459200,1931930243848,1931866372700,16666666,1931870503100,1931884903600,1931885100200,1931886467500,1931918604200,5618500,783600,1931912723800,1931918604200,0,1931886467500,

0,143632,1931880243850,1931880243850,-739111787,1931885641700,1931889016700,1931913008300,1931913828100,1931946910514,1931885614400,16666666,1931923841200,1931924984300,1931925899800,1931927952500,1931949549400,43100,415700,1931949549400,1931946963800,0,1931927952500,

0,143647,1931896910516,1931913577182,-438751582,1931930135400,1931930194200,1931931152400,1931932611200,1931980243846,1931930106500,16666666,1931932770000,1931949593100,1931950589900,1931956095600,1932033159800,79900,513100,1932033159800,1932016936800,0,1931956095600,

0,143762,1932230243836,1932230243836,-322439194,1932232463700,1932234833000,1932244791100,1932244902500,1932246910502,1932232435400,16666666,1932245121200,1932245566400,1932245739400,1932247455200,1932265326900,47900,549200,1932265326900,1932258288800,0,1932247455200,

0,143776,1932246910502,1932246910502,-531434711,1932248865100,1932253314700,1932257536500,1932257668800,1932296910500,1932248837800,16666666,1932257707700,1932261430000,1932261615300,1932263421200,1932291696300,48100,669800,1932291366600,1932291696300,0,1932263421200,

0,143791,1932263577168,1932263577168,-923044088,1932265687100,1932267825400,1932268953300,1932269740100,1932313577166,1932265670800,16666666,1932269788600,1932292332100,1932292540800,1932294615700,1932326143300,68600,1437600,1932325603000,1932326143300,0,1932294615700,

0,143820,1932296910500,1932313577166,-596512857,1932320338000,1932323019200,1932329769500,1932329917300,1932346910498,1932320306100,16666666,1932329958600,1932330405800,1932330512500,1932332221600,1932366056800,8865600,435600,1932366056800,1932361925100,0,1932332221600,

0,143856,1932346910498,1932346910498,-466528637,1932360443300,1932366043100,1932369309300,1932371566300,1932396910496,1932360091800,16666666,1932377963200,1932378669700,1932378825000,1932379818200,1932393158100,89000,1647500,1932391909000,1932393158100,0,1932379818200,

0,143871,1932363577164,1932363577164,0,1932379183500,1932379505700,1932379576900,1932379686900,1932413577162,1932379160300,16666666,1932379778400,1932394004100,1932394212900,1932397076900,1932416603900,40500,1329000,1932416416900,1932416603900,0,1932397076900,

0,143885,1932380243830,1932380243830,-97323833,1932394831200,1932397375200,1932421691000,1932422015700,1932446910494,1932394803500,16666666,1932422382700,1932422962400,1932423147400,1932426582400,1932452585400,42200,629200,1932452346700,1932452585400,0,1932426582400,

0,143900,1932396910496,1932413577162,-782105118,1932423613600,1932425906700,1932430179400,1932430309000,1932480243826,1932423594100,16666666,1932430347100,1932453242500,1932453449800,1932455670100,1932497725900,37600,389200,1932497725900,1932486408200,0,1932455670100,

0,143922,1932430243828,1932446910494,-784823358,1932454724500,1932457516000,1932482996700,1932483136500,1932530243824,1932454704800,16666666,1932488100700,1932488697900,1932488893600,1932490297100,1932585991900,45300,1962700,1932585991900,1932547430200,0,1932490297100,

0,143944,1932463577160,1932496910492,-68338087,1932498305400,1932500787800,1932502992100,1932503173100,1932613577154,1932498279200,16666666,1932503662100,1932550712300,1932551800400,1932553759600,1932636062800,38981800,316000,1932636062800,1932636062800,0,1932553759600,

0,144039,1932780243814,1932780243814,-651220754,1932782499400,1932784126500,1932789674800,1932789819200,1932796910480,1932782476500,16666666,1932793510900,1932794216400,1932794506900,1932796020700,1932819683300,40700,423700,1932819683300,1932809298700,0,1932796020700,

0,144053,1932796910480,1932796910480,-681943423,1932798762800,1932800674900,1932802366400,1932802497900,1932846910478,1932798742800,16666666,1932802533100,1932809924400,1932810110600,1932811445700,1932837409900,38100,764400,1932836694000,1932837409900,0,1932811445700,

0,144068,1932813577146,1932813577146,-623284099,1932819960000,1932822727200,1932824118500,1932824262300,1932863577144,1932819930900,16666666,1932824306100,1932838054000,1932838314400,1932845536800,1932866076600,34400,354600,1932865894600,1932866076600,0,1932845536800,

0,144097,1932846910478,1932846910478,-175689068,1932850122900,1932852199700,1932855862700,1932856006700,1932896910476,1932850095400,16666666,1932856048800,1932866699100,1932866986000,1932868287500,1932906886300,66500,1528100,1932906617900,1932906886300,0,1932868287500,

0,144111,1932863577144,1932863577144,-165760422,1932867555900,1932869915500,1932894712900,1932894844200,1932930243808,1932867504900,16666666,1932909962200,1932910556500,1932910782600,1932912009300,1932942009000,15758100,403200,1932939752700,1932942009000,0,1932912009300,

0,144126,1932880243810,1932896910476,-1024893614,1932911616000,1932921324500,1932925919400,1932926390200,1932963577140,1932911590000,16666666,1932927121700,1932942929000,1932943159300,1932945901300,1932963986700,38000,429900,1932963749700,1932963986700,0,1932945901300,

0,144156,1932946910474,1932946910474,-730112215,1932948956900,1932951044300,1932953546500,1932954205000,1932996910472,1932948928600,16666666,1932954252500,1932964996500,1932965203400,1932966729200,1933004685200,17222700,492400,1932986924500,1933004685200,0,1932966729200,

0,144185,1932980243806,1932980243806,-811936654,1932982096000,1932986076500,1932987903000,1932988033500,1933013577138,1932982064000,16666666,1932992600800,1933015351200,1933015506900,1933017339600,1933029626300,41900,363100,1933029422000,1933029626300,0,1933017339600,

0,144193,1932996910472,1933013577138,-298437036,1933016772400,1933018342000,1933021051700,1933021169400,1933046910470,1933016747600,16666666,1933021414100,1933030264500,1933030481000,1933031902100,1933065487000,43000,391400,1933065487000,1933057220300,0,1933031902100,

0,144215,1933030243804,1933030243804,-445179493,1933041649300,1933043548900,1933048284900,1933048452800,1933096910468,1933041631900,16666666,1933048499600,1933062757800,1933062957600,1933065487000,1933100696600,43200,394400,1933100696600,1933086917700,0,1933065487000,

0,144229,1933046910470,1933063577136,-47028223,1933063896400,1933070346200,1933071606500,1933071735900,1933130243800,1933063866500,16666666,1933071775600,1933087938200,1933088134400,1933089607200,1933131592400,312300,403800,1933131592400,1933117796800,0,1933089607200,

0,144253,1933130243800,1933130243800,-922022330,1933131665400,1933131707100,1933155193700,1933155355900,1933163577132,1933131633500,16666666,1933162452200,1933180898400,1933181134500,1933191531700,1933209052900,36900,432200,1933208838200,1933209052900,0,1933191531700,

0,144260,1933146910466,1933180243798,0,1933187617500,1933187716200,1933200628800,1933200750300,1933230243796,1933187565200,16666666,1933201052400,1933210592000,1933210736300,1933256916400,1933274333300,772200,1444500,1933273269400,1933274333300,0,1933256916400,

0,144267,1933196910464,1933196910464,0,1933212363000,1933212749800,1933245899500,1933246046900,1933296910460,1933212198700,16666666,1933246097600,1933275012200,1933275367400,1933277645800,1933339435200,1672300,648000,1933337369800,1933339435200,0,1933277645800,

0,144275,1933230243796,1933263577128,0,1933276660000,1933276699900,1933350005800,1933350175300,1933363577124,1933276629300,16666666,1933369008400,1933372745200,1933372882000,1933378146500,1933415388400,852600,496400,1933415388400,1933401129700,0,1933378146500,

0,144283,1933296910460,1933363577124,0,1933374746300,1933374790500,1933385595400,1933385734400,1933446910454,1933374721600,16666666,1933386077400,1933401800200,1933402042400,1933404563500,1933448795700,1271400,1694100,1933448795700,1933438846600,0,1933404563500,

0,144291,1933380243790,1933396910456,0,1933403471200,1933403550700,1933406456600,1933406599000,1933480243786,1933403449600,16666666,1933406635700,1933439596800,1933439801200,1933441642800,1933479731600,40500,641600,1933479486700,1933479731600,0,1933441642800,

0,144299,1933413577122,1933430243788,0,1933441458800,1933441508500,1933451457200,1933451655100,1933496910452,1933441414900,16666666,1933451714600,1933481331700,1933481474300,1933482916200,1933513747200,46900,1080100,1933513168300,1933513747200,0,1933482916200,

0,144307,1933446910454,1933496910452,0,1933503184200,1933503226300,1933505499300,1933505638200,1933530243784,1933503082700,16666666,1933505676200,1933514987200,1933522301500,1933524098100,1933558820600,43400,634100,1933558820600,1933543659800,0,1933524098100,

0,144316,1933513577118,1933513577118,0,1933516063600,1933516112700,1933527805300,1933527943600,1933580243782,1933516037100,16666666,1933527974100,1933544289500,1933544499500,1933545913600,1933583172500,17586200,335100,1933582221900,1933583172500,0,1933545913600,

0,144331,1933546910450,1933580243782,-443483319,1933584567600,1933587104200,1933596110100,1933596253700,1933613577114,1933584135000,16666666,1933600382100,1933601195800,1933601474900,1933603626200,1933631665000,44600,491500,1933631665000,1933616140900,0,1933603626200,

0,144360,1933596910448,1933596910448,-443816046,1933602553900,1933604503000,1933610541800,1933610826900,1933663577112,1933602531400,16666666,1933611150300,1933617028000,1933617238800,1933618718100,1933650658600,10017400,868500,1933640447700,1933650658600,0,1933618718100,

0,144374,1933613577114,1933613577114,-1008862570,1933618311200,1933620376300,1933621888600,1933622014700,1933680243778,1933618282100,16666666,1933622055100,1933651281500,1933651557000,1933653265400,1933674167600,44300,1027000,1933673928400,1933674167600,0,1933653265400,

0,144389,1933630243780,1933646910446,-154784169,1933652637000,1933663149000,1933670883700,1933671014800,1933696910444,1933652568500,16666666,1933671056800,1933674794600,1933675007800,1933676863700,1933731628400,35400,499000,1933731628400,1933715733300,0,1933676863700,

0,144419,1933680243778,1933713577110,-1025940702,1933723320800,1933735955000,1933737539400,1933737698300,1933763577108,1933723287400,16666666,1933740637700,1933742951900,1933743164700,1933745520400,1933765346000,53400,810200,1933765346000,1933758800100,0,1933745520400,

0,144441,1933746910442,1933746910442,0,1933750369800,1933750695700,1933750796800,1933750942100,1933796910440,1933750337400,16666666,1933751070000,1933759661900,1933759895800,1933763489000,1933798691900,39600,7371400,1933798479300,1933798691900,0,1933763489000,

0,144456,1933763577108,1933763577108,-628938256,1933765838200,1933768022900,1933770695500,1933770831000,1933780243774,1933765813900,16666666,1933771074700,1933799558500,1933799759700,1933801832300,1927159908400,39592600,2186800,1927159613900,1933865658800,0,1933801832300,

0,144470,1933780243774,1933796910440,-380403127,1933801718300,1933803578700,1933833211800,1933833338800,1933830243772,1933801699200,16666666,1933867346200,1933868685200,1933868966100,1933870955700,1933897726100,43800,413000,1933897726100,1933882727100,0,1933870955700,

0,144492,1933813577106,1933863577104,-1058170433,1933870306000,1933872158200,1933875538400,1933875656000,1933930243768,1933870277600,16666666,1933875901500,1933883360700,1933883564400,1933889290400,1933922815100,38700,980500,1933922365400,1933922815100,0,1933889290400,

---PROFILEDATA---





View hierarchy:



  com.igor.fridge.debug/com.igor.fridge.MainActivity/android.view.ViewRootImpl@2789e93

  7 views, 12.02 kB of render nodes





Total ViewRootImpl   : 1

Total attached Views : 7

Total RenderNode     : 12.02 kB (used) / 36.09 kB (capacity)



