Applications Graphics Acceleration Info:

Uptime: 2052524 Realtime: 2052524



** Graphics info for pid 8957 [com.android.settings] **



Stats since: 2044153786200ns

Total frames rendered: 202

Janky frames: 147 (72.77%)

Janky frames (legacy): 201 (99.50%)

50th percentile: 69ms

90th percentile: 105ms

95th percentile: 150ms

99th percentile: 200ms

Number Missed Vsync: 133

Number High input latency: 109

Number Slow UI thread: 84

Number Slow bitmap uploads: 0

Number Slow issue draw commands: 147

Number Frame deadline missed: 147

Number Frame deadline missed (legacy): 146

HISTOGRAM: 5ms=0 6ms=0 7ms=0 8ms=0 9ms=0 10ms=0 11ms=0 12ms=0 13ms=0 14ms=1 15ms=0 16ms=1 17ms=1 18ms=0 19ms=0 20ms=2 21ms=1 22ms=0 23ms=3 24ms=5 25ms=1 26ms=1 27ms=2 28ms=1 29ms=1 30ms=2 31ms=3 32ms=4 34ms=4 36ms=3 38ms=0 40ms=2 42ms=0 44ms=2 46ms=0 48ms=5 53ms=2 57ms=8 61ms=13 65ms=15 69ms=21 73ms=18 77ms=16 81ms=13 85ms=12 89ms=7 93ms=4 97ms=2 101ms=5 105ms=2 109ms=3 113ms=0 117ms=0 121ms=1 125ms=0 129ms=0 133ms=2 150ms=10 200ms=3 250ms=0 300ms=0 350ms=0 400ms=0 450ms=0 500ms=0 550ms=0 600ms=0 650ms=0 700ms=0 750ms=0 800ms=0 850ms=0 900ms=0 950ms=0 1000ms=0 1050ms=0 1100ms=0 1150ms=0 1200ms=0 1250ms=0 1300ms=0 1350ms=0 1400ms=0 1450ms=0 1500ms=0 1550ms=0 1600ms=0 1650ms=0 1700ms=0 1750ms=0 1800ms=0 1850ms=0 1900ms=0 1950ms=0 2000ms=0 2050ms=0 2100ms=0 2150ms=0 2200ms=0 2250ms=0 2300ms=0 2350ms=0 2400ms=0 2450ms=0 2500ms=0 2550ms=0 2600ms=0 2650ms=0 2700ms=0 2750ms=0 2800ms=0 2850ms=0 2900ms=0 2950ms=0 3000ms=0 3050ms=0 3100ms=0 3150ms=0 3200ms=0 3250ms=0 3300ms=0 3350ms=0 3400ms=0 3450ms=0 3500ms=0 3550ms=0 3600ms=0 3650ms=0 3700ms=0 3750ms=0 3800ms=0 3850ms=0 3900ms=0 3950ms=0 4000ms=0 4050ms=0 4100ms=0 4150ms=0 4200ms=0 4250ms=0 4300ms=0 4350ms=0 4400ms=0 4450ms=0 4500ms=0 4550ms=0 4600ms=0 4650ms=0 4700ms=0 4750ms=0 4800ms=0 4850ms=0 4900ms=0 4950ms=0

50th gpu percentile: 4950ms

90th gpu percentile: 4950ms

95th gpu percentile: 4950ms

99th gpu percentile: 4950ms

GPU HISTOGRAM: 1ms=0 2ms=0 3ms=0 4ms=0 5ms=0 6ms=4 7ms=2 8ms=4 9ms=5 10ms=0 11ms=3 12ms=2 13ms=2 14ms=0 15ms=4 16ms=2 17ms=3 18ms=1 19ms=2 20ms=4 21ms=8 22ms=1 23ms=6 24ms=4 25ms=9 4950ms=136



Pipeline=Skia (OpenGL)

Memory policy:

  Max surface area: 2527200

  Max resource usage: 121.31MB (x48)

  Background retention: 50% (altUiHidden = true)

  GPU Context timeout: 10

Contexts: 1 (stopped = 0)

CPU Caches:

  Glyph Cache: 90.95 KB (1 entry)

  Glyph Count: 7 

Total CPU memory usage:

  93133 bytes, 90.95 KB (0.00 bytes is purgeable)

GPU Caches:

  Other:

    Other: 31.12 KB (1 entry)

  Image:

    Texture: 372.09 KB (21 entries)

  Scratch:

    RenderTarget: 18.59 MB (1 entry)

    Buffer Object: 144.00 KB (4 entries)

    Texture: 2.00 MB (1 entry)

Total GPU memory usage:

  22154464 bytes, 21.13 MB (19.05 MB is purgeable)



GraphicBufferAllocator buffers:

        Handle |        Size |     W (Stride) x H | Layers |   Format |      Usage | Requestor

0x700a34d090d0 |     unknown | 1080 (   0) x 2340 |      1 |        1 | 0x     b00 | VRI[SettingsHomepageActivity]#0(BLAST Consumer)0

0x700a34d09430 |     unknown | 1080 (   0) x 2340 |      1 |        1 | 0x     b00 | VRI[SettingsHomepageActivity]#0(BLAST Consumer)0

0x700a34d1bd30 |     unknown | 1080 (   0) x 2340 |      1 |        1 | 0x     b00 | VRI[SettingsHomepageActivity]#0(BLAST Consumer)0

Total allocated by GraphicBufferAllocator (estimate): 0.00 KB

GoldfishAllocator::dumpDebugInfo is not implemented

Profile data in ms:



	com.android.settings/com.android.settings.homepage.SettingsHomepageActivity/android.view.ViewRootImpl@6f88980 (visibility=0)

Window: com.android.settings/com.android.settings.homepage.SettingsHomepageActivity

Stats since: 2044153771900ns

Total frames rendered: 202

Janky frames: 147 (72.77%)

Janky frames (legacy): 201 (99.50%)

50th percentile: 69ms

90th percentile: 105ms

95th percentile: 150ms

99th percentile: 200ms

Number Missed Vsync: 133

Number High input latency: 109

Number Slow UI thread: 84

Number Slow bitmap uploads: 0

Number Slow issue draw commands: 147

Number Frame deadline missed: 147

Number Frame deadline missed (legacy): 146

HISTOGRAM: 5ms=0 6ms=0 7ms=0 8ms=0 9ms=0 10ms=0 11ms=0 12ms=0 13ms=0 14ms=1 15ms=0 16ms=1 17ms=1 18ms=0 19ms=0 20ms=2 21ms=1 22ms=0 23ms=3 24ms=5 25ms=1 26ms=1 27ms=2 28ms=1 29ms=1 30ms=2 31ms=3 32ms=4 34ms=4 36ms=3 38ms=0 40ms=2 42ms=0 44ms=2 46ms=0 48ms=5 53ms=2 57ms=8 61ms=13 65ms=15 69ms=21 73ms=18 77ms=16 81ms=13 85ms=12 89ms=7 93ms=4 97ms=2 101ms=5 105ms=2 109ms=3 113ms=0 117ms=0 121ms=1 125ms=0 129ms=0 133ms=2 150ms=10 200ms=3 250ms=0 300ms=0 350ms=0 400ms=0 450ms=0 500ms=0 550ms=0 600ms=0 650ms=0 700ms=0 750ms=0 800ms=0 850ms=0 900ms=0 950ms=0 1000ms=0 1050ms=0 1100ms=0 1150ms=0 1200ms=0 1250ms=0 1300ms=0 1350ms=0 1400ms=0 1450ms=0 1500ms=0 1550ms=0 1600ms=0 1650ms=0 1700ms=0 1750ms=0 1800ms=0 1850ms=0 1900ms=0 1950ms=0 2000ms=0 2050ms=0 2100ms=0 2150ms=0 2200ms=0 2250ms=0 2300ms=0 2350ms=0 2400ms=0 2450ms=0 2500ms=0 2550ms=0 2600ms=0 2650ms=0 2700ms=0 2750ms=0 2800ms=0 2850ms=0 2900ms=0 2950ms=0 3000ms=0 3050ms=0 3100ms=0 3150ms=0 3200ms=0 3250ms=0 3300ms=0 3350ms=0 3400ms=0 3450ms=0 3500ms=0 3550ms=0 3600ms=0 3650ms=0 3700ms=0 3750ms=0 3800ms=0 3850ms=0 3900ms=0 3950ms=0 4000ms=0 4050ms=0 4100ms=0 4150ms=0 4200ms=0 4250ms=0 4300ms=0 4350ms=0 4400ms=0 4450ms=0 4500ms=0 4550ms=0 4600ms=0 4650ms=0 4700ms=0 4750ms=0 4800ms=0 4850ms=0 4900ms=0 4950ms=0

50th gpu percentile: 4950ms

90th gpu percentile: 4950ms

95th gpu percentile: 4950ms

99th gpu percentile: 4950ms

GPU HISTOGRAM: 1ms=0 2ms=0 3ms=0 4ms=0 5ms=0 6ms=4 7ms=2 8ms=4 9ms=5 10ms=0 11ms=3 12ms=2 13ms=2 14ms=0 15ms=4 16ms=2 17ms=3 18ms=1 19ms=2 20ms=4 21ms=8 22ms=1 23ms=6 24ms=4 25ms=9 4950ms=136







---PROFILEDATA---

Flags,FrameTimelineVsyncId,IntendedVsync,Vsync,InputEventId,HandleInputStart,AnimationStart,PerformTraversalsStart,DrawStart,FrameDeadline,FrameInterval,FrameStartTime,SyncQueued,SyncStart,IssueDrawCommandsStart,SwapBuffers,FrameCompleted,DequeueBufferDuration,QueueBufferDuration,GpuCompleted,SwapBuffersCompleted,DisplayPresentTime,CommandSubmissionCompleted,

0,150914,2046946905914,2046980239246,0,2046981682700,2046981713900,2046981999900,2046982429700,2047063572576,2046981668000,16666666,2046982626500,2047018933900,2047019139700,2047028240600,2047075939600,40900,378900,2047075939600,2047053052000,0,2047028240600,

0,150922,2046996905912,2047013572578,0,2047019499200,2047019529500,2047019986000,2047020146100,2047096905908,2047019411700,16666666,2047020282100,2047056181800,2047056413600,2047063692600,2047089084100,34200,1046000,2047088897500,2047089084100,0,2047063692600,

0,150937,2047030239244,2047046905910,0,2047057784500,2047057821700,2047058383900,2047058498300,2047113572574,2047057767100,16666666,2047058652600,2047089250000,2047089616800,2047098225700,2047168949600,30400,29785600,2047160866000,2047168949600,0,2047098225700,

0,150945,2047063572576,2047080239242,0,2047089895600,2047089925500,2047090196600,2047090599000,2047180239238,2047089875900,16666666,2047090765900,2047169128900,2047169299100,2047203915900,2047315993600,60000,366400,2047315993600,2047299998000,0,2047203915900,

0,150953,2047096905908,2047163572572,0,2047171533700,2047171561000,2047173642000,2047173938700,2047346905898,2047171521300,16666666,2047175710100,2047300196800,2047300755700,2047308644400,2047363846500,35100,663400,2047363846500,2047350941600,0,2047308644400,

0,150961,2047180239238,2047296905900,0,2047304049100,2047304583700,2047305422800,2047305546800,2047396905896,2047303098700,16666666,2047305736100,2047351512400,2047351790000,2047353642400,2047374752500,10719600,385400,2047363895100,2047374752500,0,2047353642400,

0,150976,2047313572566,2047346905898,-793772918,2047354073400,2047354104100,2047354166200,2047354403900,2047413572562,2047354050900,16666666,2047355421500,2047374904800,2047375199800,2047377194000,2047397676600,11411500,321100,2047397676600,2047395510300,0,2047377194000,

0,150991,2047363572564,2047363572564,-580385597,2047375542600,2047376584800,2047376636800,2047376765100,2047430239228,2047375526500,16666666,2047377007300,2047395727500,2047395964000,2047410904600,2047458005800,37300,424800,2047458005800,2047434224800,0,2047410904600,

0,151006,2047380239230,2047380239230,0,2047396467500,2047397379900,2047397503700,2047397605800,2047480239226,2047396441400,16666666,2047397738000,2047434391800,2047434586700,2047445462900,2047467651700,33700,690300,2047467498900,2047467651700,0,2047445462900,

0,151021,2047396905896,2047430239228,-370503114,2047434866400,2047435446900,2047435494600,2047435593500,2047496905892,2047434848600,16666666,2047435702400,2047467842300,2047468025800,2047478731000,2047508651700,31000,502500,2047508362500,2047508651700,0,2047478731000,

0,151043,2047446905894,2047463572560,-810607759,2047468525400,2047469153800,2047469201800,2047469311500,2047530239224,2047468503000,16666666,2047469457300,2047508833400,2047509022100,2047515419000,2047543077600,32000,576300,2047542908000,2047543077600,0,2047515419000,

0,151065,2047480239226,2047496905892,-772228374,2047509456300,2047509948700,2047509990100,2047510091300,2047563572556,2047509442300,16666666,2047510208000,2047543241800,2047543548300,2047551339000,2047581345600,33700,416600,2047581345600,2047576683900,0,2047551339000,

0,151087,2047513572558,2047530239224,-876154433,2047543814800,2047544459600,2047544526300,2047544646300,2047613572554,2047543796400,16666666,2047544777700,2047576872100,2047577058800,2047590555400,2047613409200,44700,368800,2047613118700,2047613409200,0,2047590555400,

0,151109,2047546905890,2047563572556,-70569230,2047577352800,2047578005600,2047578052000,2047578162800,2047630239220,2047577334700,16666666,2047578283800,2047613588900,2047613773500,2047628049600,2047666103100,32600,331900,2047666103100,2047649674300,0,2047628049600,

0,151131,2047580239222,2047613572554,-85427293,2047614229800,2047615303900,2047615377900,2047615514800,2047696905884,2047614193300,16666666,2047615650700,2047649855100,2047650047100,2047657626400,2047698042200,34100,386500,2047698042200,2047689406000,0,2047657626400,

0,151153,2047613572554,2047646905886,-36187812,2047650797700,2047650832200,2047651357800,2047652927700,2047730239216,2047650779000,16666666,2047653082600,2047689579300,2047689810700,2047699026200,2047730946500,34400,589800,2047730946500,2047726902700,0,2047699026200,

0,151161,2047663572552,2047680239218,0,2047690106400,2047690136900,2047690504200,2047690638500,2047763572548,2047690088500,16666666,2047690806100,2047727106100,2047727307100,2047748914800,2047781882200,26100,5178300,2047781882200,2047777560700,0,2047748914800,

0,151169,2047696905884,2047730239216,0,2047730825600,2047730857800,2047731098200,2047731254700,2047813572546,2047730809000,16666666,2047731530500,2047777745800,2047778028300,2047796043000,2047832359300,32100,573000,2047832359300,2047820269600,0,2047796043000,

0,151177,2047746905882,2047763572548,0,2047778238800,2047778262800,2047778507900,2047778924800,2047863572544,2047778225700,16666666,2047779166500,2047820786300,2047821002800,2047828342400,2047861857000,34200,642400,2047861696600,2047861857000,0,2047828342400,

0,151185,2047780239214,2047813572546,0,2047821247900,2047821275500,2047821510500,2047821831300,2047880239210,2047821232500,16666666,2047822018300,2047862025100,2047862401400,2047868247100,2047892534200,36100,402000,2047892347700,2047892534200,0,2047868247100,

0,151193,2047830239212,2047846905878,0,2047862603900,2047862627400,2047862740500,2047862847900,2047913572542,2047862589700,16666666,2047862987100,2047892704900,2047892905600,2047900915800,2047924207400,34900,432600,2047924026100,2047924207400,0,2047900915800,

0,151201,2047863572544,2047880239210,-544023229,2047894068800,2047894104900,2047894408700,2047894522100,2047946905874,2047894050800,16666666,2047894649300,2047924392500,2047924584100,2047933996300,2047967390300,31300,2381300,2047967208000,2047967390300,0,2047933996300,

0,151216,2047896905876,2047913572542,-906741912,2047925231600,2047926031200,2047926086300,2047926187200,2047996905872,2047925213300,16666666,2047926300600,2047967539400,2047967739700,2047977388600,2048015452600,31500,411500,2048015452600,2048011881000,0,2047977388600,

0,151238,2047930239208,2047963572540,-397818682,2047968116900,2047968823800,2047968875300,2047969053900,2048046905870,2047968100800,16666666,2047969180800,2048012635200,2048012904800,2048024440100,2048048222200,33700,691200,2048048045900,2048048222200,0,2048024440100,

0,151267,2047980239206,2047996905872,-949476680,2048013498700,2048014087000,2048014126800,2048014230000,2048080239202,2048013482300,16666666,2048014340800,2048048400900,2048048625100,2048056800300,2048083271400,28100,403600,2048082845700,2048083271400,0,2048056800300,

0,151282,2048013572538,2048046905870,-716398565,2048048903400,2048049418200,2048049697600,2048049787000,2048113572534,2048048888100,16666666,2048050403900,2048083479200,2048083678100,2048089748100,2048117077200,31900,334400,2048116906700,2048117077200,0,2048089748100,

0,151311,2048063572536,2048080239202,-785938148,2048084361200,2048085235400,2048085274700,2048085489900,2048146905866,2048083952700,16666666,2048085624800,2048117253200,2048117465700,2048124289600,2048152125900,31300,472800,2048151954300,2048152125900,0,2048124289600,

0,151333,2048096905868,2048113572534,-850654262,2048117777800,2048118679000,2048118738400,2048118850200,2048180239198,2048117761700,16666666,2048118973100,2048152288400,2048152453900,2048159242200,2048199173100,772900,344300,2048199173100,2048184837600,0,2048159242200,

0,151355,2048130239200,2048146905866,-275570190,2048152793900,2048154255800,2048154303800,2048154439000,2048230239196,2048152775100,16666666,2048154742200,2048184984700,2048185178200,2048193690600,2048234532600,34400,542600,2048234532600,2048223343400,0,2048193690600,

0,151377,2048163572532,2048180239198,-650820558,2048185414700,2048186181200,2048186229300,2048186349600,2048263572528,2048185397800,16666666,2048186513700,2048223558800,2048223773600,2048236566600,2048269816000,30800,411000,2048269639000,2048269816000,0,2048236566600,

0,151392,2048196905864,2048213572530,-998187578,2048224743400,2048225026400,2048227730900,2048227855300,2048296905860,2048224670000,16666666,2048228011400,2048270000700,2048270191300,2048278761700,2048325392400,37300,579300,2048325209000,2048325392400,0,2048278761700,

0,151400,2048230239196,2048263572528,0,2048270450500,2048270477000,2048271395200,2048271511000,2048346905858,2048270433800,16666666,2048271662000,2048325611600,2048325897000,2048382297100,2048433341900,29300,613500,2048433141300,2048433341900,0,2048382297100,

0,151408,2048280239194,2048313572526,0,2048326184200,2048326210500,2048326422500,2048326537600,2048463572520,2048326168900,16666666,2048326953600,2048433515000,2048433640000,2048459105000,2048519473300,28200,433500,2048519280400,2048519473300,0,2048459105000,

0,151416,2048330239192,2048430239188,0,2048436440200,2048436467900,2048436768600,2048436898400,2048546905850,2048436147800,16666666,2048437066900,2048519637500,2048519853700,2048527677800,2048564543100,32200,352300,2048564543100,2048559706500,0,2048527677800,

0,151431,2048463572520,2048513572518,0,2048520100200,2048520130000,2048520860900,2048521415000,2048596905848,2048520078900,16666666,2048521667700,2048560057900,2048560254500,2048567507100,2048592180500,34800,769300,2048591991900,2048592180500,0,2048567507100,

0,151439,2048530239184,2048546905850,0,2048561454000,2048561479600,2048561638600,2048562917600,2048613572514,2048561436100,16666666,2048563199800,2048592380200,2048592620300,2048608697400,2048637443700,29100,911300,2048637222700,2048637443700,0,2048608697400,

0,151447,2048563572516,2048580239182,-1010367449,2048594222900,2048594254100,2048594468500,2048594829000,2048663572512,2048594204200,16666666,2048595035800,2048637639200,2048637964400,2048645774300,2048676128800,31800,463100,2048675960400,2048676128800,0,2048645774300,

0,151462,2048596905848,2048630239180,-206874749,2048638440900,2048639065100,2048639115300,2048639898600,2048696905844,2048638412400,16666666,2048641322800,2048676299900,2048676481200,2048689391300,2048717650800,482200,551400,2048717650800,2048714255100,0,2048689391300,

0,151491,2048646905846,2048663572512,-222046985,2048677122800,2048677706300,2048677747900,2048677861400,2048746905842,2048677105800,16666666,2048678169000,2048714419700,2048714553700,2048728716300,2048751125400,34700,723800,2048750934700,2048751125400,0,2048728716300,

0,151513,2048680239178,2048713572510,-143590898,2048715006800,2048716114300,2048716155500,2048716262600,2048780239174,2048714991400,16666666,2048716401600,2048751314100,2048751524400,2048762231600,2048798199900,29200,3661800,2048798199900,2048795556100,0,2048762231600,

0,151542,2048730239176,2048746905842,-995324119,2048751864300,2048754925400,2048754971200,2048755899400,2048830239172,2048751848100,16666666,2048756090900,2048795880400,2048796100000,2048809347600,2048828510700,33000,383500,2048828358300,2048828510700,0,2048809347600,

0,151564,2048763572508,2048780239174,-871865776,2048796663000,2048798708800,2048798748900,2048798845900,2048846905838,2048796647300,16666666,2048798970400,2048828724800,2048828923300,2048843711600,2048881467300,33500,373500,2048881467300,2048862294500,0,2048843711600,

0,151579,2048796905840,2048813572506,-742582436,2048829283000,2048829905700,2048829963100,2048830065600,2048913572502,2048829264000,16666666,2048830442300,2048862492900,2048862689300,2048871738300,2048914272400,28700,318200,2048914272400,2048899038300,0,2048871738300,

0,151601,2048830239172,2048863572504,-180280041,2048867073700,2048867695900,2048867774800,2048868009100,2048946905834,2048867060300,16666666,2048868172400,2048899199600,2048899379600,2048909066600,2048947815000,37500,372900,2048947815000,2048938150500,0,2048909066600,

0,151623,2048880239170,2048896905836,-631517455,2048900522000,2048900556100,2048900713300,2048900823400,2048980239166,2048900504500,16666666,2048900968700,2048938312200,2048939043300,2048945735000,2048981038000,28700,438500,2048981038000,2048973351500,0,2048945735000,

0,151631,2048913572502,2048930239168,0,2048939321400,2048939349300,2048939593100,2048941907900,2049013572498,2048939309000,16666666,2048942100500,2048973529500,2048974509900,2048984570400,2049015073200,38800,359100,2049015073200,2049010902900,0,2048984570400,

0,151639,2048946905834,2048963572500,0,2048975178500,2048975209000,2048975431700,2048975571500,2049046905830,2048975160200,16666666,2048975727300,2049011118100,2049011333500,2049026064300,2049053877200,32200,557200,2049053619100,2049053877200,0,2049026064300,

0,151647,2048980239166,2048996905832,0,2049011704900,2049011732600,2049011977500,2049012093600,2049080239162,2049011688800,16666666,2049012249200,2049054066100,2049054335600,2049062678800,2049091231700,28000,588200,2049091015100,2049091231700,0,2049062678800,

0,151655,2049013572498,2049046905830,0,2049054629700,2049054659800,2049054909900,2049055038600,2049113572494,2049054612100,16666666,2049055201600,2049091420300,2049091616200,2049098689300,2049126872700,31800,398600,2049126707100,2049126872700,0,2049098689300,

0,151663,2049063572496,2049080239162,0,2049091856400,2049091884800,2049092103800,2049092247800,2049146905826,2049091843600,16666666,2049092405300,2049127060300,2049127395700,2049141644900,2049167518100,33300,452600,2049167518100,2049163602600,0,2049141644900,

0,151671,2049096905828,2049113572494,-729316596,2049128358100,2049128384700,2049128521800,2049128638000,2049196905824,2049128341800,16666666,2049128760100,2049163776700,2049163974200,2049180385400,2049205024100,35100,470300,2049204854900,2049205024100,0,2049180385400,

0,151679,2049130239160,2049163572492,-96716238,2049164467000,2049165389400,2049165439100,2049165546000,2049230239156,2049164449200,16666666,2049165675700,2049205215500,2049205426200,2049216542700,2049248404400,5675100,847300,2049248404400,2049244546900,0,2049216542700,

0,151701,2049163572492,2049196905824,-625644990,2049206129400,2049208052900,2049208098600,2049208231700,2049280239154,2049206109700,16666666,2049208352600,2049245081200,2049245263400,2049252452900,2049283798400,27700,331200,2049283646500,2049283798400,0,2049252452900,

0,151730,2049213572490,2049230239156,-794775620,2049245806900,2049246766700,2049246879600,2049246972600,2049313572486,2049245747200,16666666,2049247114900,2049284076800,2049284251800,2049289686500,2049319003000,24300,355700,2049318850800,2049319003000,0,2049289686500,

0,151745,2049246905822,2049280239154,-896390235,2049284451500,2049285389200,2049285427100,2049285512800,2049346905818,2049284441500,16666666,2049285620100,2049319142000,2049319275700,2049325244500,2049353008700,40800,4934900,2049352785300,2049353008700,0,2049325244500,

0,151774,2049296905820,2049313572486,-837680692,2049319485600,2049322948400,2049322996800,2049323151200,2049380239150,2049319472100,16666666,2049323374600,2049353173200,2049353367900,2049358820900,2049389330800,25600,724700,2049388889600,2049389330800,0,2049358820900,

0,151796,2049330239152,2049346905818,-400055226,2049353588300,2049354113600,2049354164300,2049354312300,2049413572482,2049353576300,16666666,2049354412300,2049389597500,2049389752000,2049395863500,2049422849000,34600,346600,2049419609000,2049422849000,0,2049395863500,

0,151818,2049363572484,2049380239150,-145121634,2049390089500,2049390595500,2049390672700,2049390780900,2049446905814,2049390072400,16666666,2049390908000,2049423039700,2049423297100,2049429595600,2049457428100,42700,335500,2049457172700,2049457428100,0,2049429595600,

0,151840,2049396905816,2049413572482,-382565515,2049423590500,2049424932900,2049424976400,2049425073800,2049480239146,2049423573000,16666666,2049425201700,2049457628000,2049457822900,2049466426800,2049534606200,46000,853600,2049534606200,2049504591500,0,2049466426800,

0,151855,2049430239148,2049446905814,-323660735,2049458609100,2049458642300,2049458899000,2049459013400,2049563572476,2049458590700,16666666,2049459163500,2049504845900,2049505097900,2049562870700,2049657186800,32100,462200,2049656890500,2049657186800,0,2049562870700,

0,151863,2049463572480,2049496905812,0,2049505435300,2049505463500,2049505846100,2049505998600,2049680239138,2049505418800,16666666,2049506413400,2049657361900,2049657560400,2049672248900,2049723003800,40000,704300,2049722795000,2049723003800,0,2049672248900,

0,151871,2049513572478,2049646905806,0,2049658573400,2049658602600,2049658806600,2049659560500,2049746905802,2049657817500,16666666,2049659745800,2049723218500,2049723438900,2049732117400,2049756356700,31000,1274000,2049756205000,2049756356700,0,2049732117400,

0,151886,2049663572472,2049713572470,0,2049724077000,2049724112000,2049724373800,2049724981800,2049780239134,2049724054800,16666666,2049725183400,2049756517100,2049756725200,2049764221200,2049791521700,34100,421500,2049791338000,2049791521700,0,2049764221200,

0,151894,2049730239136,2049746905802,0,2049757015800,2049757045900,2049757249700,2049757988300,2049813572466,2049756994700,16666666,2049758192000,2049791715100,2049791927300,2049799863800,2049831915400,31200,369000,2049831711000,2049831915400,0,2049799863800,

0,151902,2049763572468,2049780239134,0,2049792197700,2049792226600,2049792832000,2049793166700,2049863572464,2049792180900,16666666,2049793342700,2049832103300,2049832305700,2049839281800,2049864729800,30700,510700,2049864565700,2049864729800,0,2049839281800,

0,151910,2049796905800,2049830239132,0,2049833319500,2049833354500,2049833584700,2049833886900,2049896905796,2049832586800,16666666,2049834047600,2049864928300,2049865181900,2049867566300,2049885238100,8855600,365500,2049876226800,2049885238100,0,2049867566300,

0,151918,2049846905798,2049863572464,-95916464,2049866633800,2049866706900,2049866753100,2049866874000,2049913572462,2049866619700,16666666,2049867172700,2049885415600,2049885604200,2049886831300,2049902278100,8024900,340400,2049894061900,2049902278100,0,2049886831300,

0,151933,2049880239130,2049880239130,-45405756,2049885984100,2049886618000,2049886660300,2049886769800,2049930239128,2049885967400,16666666,2049886956900,2049902450800,2049902642700,2049903987800,2049919254100,6850600,329200,2049912247200,2049919254100,0,2049903987800,

0,151948,2049896905796,2049896905796,-522664309,2049903130500,2049905282500,2049905325300,2049905599200,2049946905794,2049903114500,16666666,2049905813900,2049919429600,2049919631000,2049927745600,2049956262200,33700,292400,2049956069700,2049956262200,0,2049927745600,

0,151963,2049913572462,2049913572462,-393113538,2049920022900,2049920689900,2049920735300,2049920827400,2049980239126,2049920006300,16666666,2049921498200,2049956451300,2049956651000,2049964527100,2049997324600,32700,381500,2049997324600,2049992723400,0,2049964527100,

0,151978,2049930239128,2049946905794,-905721761,2049957066000,2049958376900,2049958425100,2049958528900,2050030239124,2049957048700,16666666,2049958650600,2049992883500,2049993081100,2050000539300,2050032103100,27800,488900,2050032103100,2050026517300,0,2050000539300,

0,152000,2049963572460,2049980239126,-71481226,2049993369600,2049994104200,2049994155600,2049994397700,2050063572456,2049993352800,16666666,2049994513100,2050026711500,2050026986000,2050034658100,2050061491100,27300,512100,2050061296900,2050061491100,0,2050034658100,

0,152022,2049996905792,2050013572458,-231728002,2050027464700,2050028881400,2050028931600,2050029049700,2050080239122,2050027444300,16666666,2050029347000,2050061677900,2050061885900,2050075402300,2050101431200,32800,1007500,2050101431200,2050096753100,0,2050075402300,

0,152044,2050030239124,2050046905790,-839297282,2050062242300,2050063038700,2050063083700,2050063445800,2050130239120,2050062225900,16666666,2050063569100,2050096923900,2050097141000,2050105614800,2050139359600,29700,633400,2050139180800,2050139359600,0,2050105614800,

0,152066,2050063572456,2050096905788,-966506996,2050097989500,2050098452800,2050098522600,2050098629800,2050163572452,2050097972400,16666666,2050098757400,2050139527000,2050139744900,2050150524200,2050183044200,28900,494100,2050182891900,2050183044200,0,2050150524200,

0,152088,2050113572454,2050130239120,0,2050141501100,2050143000700,2050143269000,2050143647000,2050213572450,2050141448500,16666666,2050143926600,2050183190800,2050183329200,2050189766300,2050215868900,34000,319400,2050215684800,2050215868900,0,2050189766300,

0,152103,2050146905786,2050180239118,-758323806,2050183606400,2050184502900,2050184542300,2050185160500,2050246905782,2050183593000,16666666,2050185404500,2050216040200,2050216233100,2050227153400,2050281386300,685700,454800,2050281386300,2050264877900,0,2050227153400,

0,152118,2050196905784,2050213572450,-98623712,2050217097400,2050217136100,2050217362000,2050217462600,2050313572446,2050217079300,16666666,2050217612500,2050265083700,2050265272200,2050273055900,2050305301300,115400,439100,2050305010900,2050305301300,0,2050273055900,

0,152126,2050230239116,2050263572448,0,2050267246800,2050267284100,2050267483300,2050267615200,2050330239112,2050267229800,16666666,2050267815400,2050305494500,2050305726900,2050317995700,2050375799800,30100,425000,2050375799800,2050349501900,0,2050317995700,

0,152134,2050280239114,2050296905780,0,2050306029300,2050306060400,2050306445900,2050308083800,2050396905776,2050306011700,16666666,2050308815500,2050349685400,2050349903900,2050360965300,2050398470000,36000,451800,2050398470000,2050393451100,0,2050360965300,

0,152142,2050313572446,2050346905778,0,2050350521100,2050350562700,2050350974600,2050351124900,2050430239108,2050350429300,16666666,2050353846000,2050393641700,2050393979500,2050402517500,2050448191000,32700,659200,2050448191000,2050437747000,0,2050402517500,

0,152150,2050363572444,2050380239110,0,2050394263200,2050394293400,2050395052200,2050395193900,2050480239106,2050394246900,16666666,2050395593900,2050437985600,2050438235200,2050451175400,2050481732400,32800,334700,2050481732400,2050477695600,0,2050451175400,

0,152158,2050396905776,2050430239108,-719610962,2050441560700,2050441605300,2050441887900,2050442015500,2050513572438,2050441544000,16666666,2050442138000,2050477990200,2050478196200,2050492509500,2050518850400,32000,1044700,2050518684100,2050518850400,0,2050492509500,

0,152173,2050446905774,2050480239106,-161854161,2050483856400,2050484976000,2050485028900,2050485218700,2050546905770,2050483831300,16666666,2050485371200,2050519780700,2050519968900,2050529779000,2050565268100,31800,719400,2050565082400,2050565268100,0,2050529779000,

0,152195,2050496905772,2050513572438,-62012574,2050520285900,2050520970800,2050521013500,2050521133200,2050596905768,2050520273300,16666666,2050521320000,2050565419100,2050565606300,2050574369700,2050600935700,134100,656300,2050600660900,2050600935700,0,2050574369700,

0,152217,2050530239104,2050563572436,-573982790,2050566028600,2050566579800,2050566632400,2050566721300,2050630239100,2050566008000,16666666,2050566973500,2050601153400,2050601360900,2050611163500,2050648599900,55600,368000,2050648599900,2050639528800,0,2050611163500,

0,152239,2050580239102,2050596905768,-666941079,2050601722200,2050602685500,2050602730800,2050602843000,2050680239098,2050601703500,16666666,2050602957400,2050639866800,2050642444300,2050649974200,2050717877900,27400,2422300,2050717877900,2050708908900,0,2050649974200,

0,152261,2050613572434,2050630239100,-485503090,2050642836300,2050643373400,2050643452800,2050643577800,2050746905762,2050642819700,16666666,2050643720900,2050716863600,2050717018000,2050767233200,2050854272900,43300,394400,2050854272900,2050829662100,0,2050767233200,

0,152283,2050646905766,2050730239096,-272297327,2050736628800,2050760085300,2050760375300,2050760519900,2050880239090,2050736613400,16666666,2050761339800,2050832154000,2050832295300,2050858816600,2050920028200,37100,505200,2050920028200,2050896561300,0,2050858816600,

0,152305,2050763572428,2050830239092,-1064228045,2050835034200,2050835073100,2050835334900,2050835855600,2050946905754,2050835016700,16666666,2050836521300,2050896755400,2050896948400,2050906681100,2050932438000,25400,299900,2050932310000,2050932438000,0,2050906681100,

0,152313,2050846905758,2050896905756,0,2050897428800,2050897463700,2050897681500,2050897797200,2050963572420,2050897410700,16666666,2050897955200,2050932583200,2050932792100,2050939986400,2050974563300,327600,475600,2050971443800,2050974563300,0,2050939986400,

0,152321,2050913572422,2050930239088,0,2050937375000,2050937406000,2050937791000,2050938073700,2050996905752,2050937356200,16666666,2050938259600,2050974887400,2050975034500,2050983379000,2051021207700,33500,751800,2051020945700,2051021207700,0,2050983379000,

0,152329,2050946905754,2050963572420,0,2050975917200,2050975947400,2050977600500,2050977891600,2051046905750,2050975899200,16666666,2050978167900,2051021686600,2051021839700,2051029509900,2051065605700,34000,434100,2051065605700,2051061624200,0,2051029509900,

0,152337,2050980239086,2051013572418,0,2051025031300,2051025061500,2051025649200,2051025865900,2051096905748,2051025010400,16666666,2051026082800,2051061846500,2051062986800,2051079935300,2051104258000,28600,351000,2051104083600,2051104258000,0,2051079935300,

0,152345,2051030239084,2051046905750,0,2051062362900,2051062398800,2051062616800,2051062758900,2051130239080,2051062326700,16666666,2051062938600,2051104413800,2051104720600,2051117369700,2051146150000,35600,446600,2051145961600,2051146150000,0,2051117369700,

0,152353,2051080239082,2051096905748,-485385264,2051106187000,2051106220100,2051106974900,2051107169100,2051163572412,2051106169100,16666666,2051107577300,2051146349800,2051146548000,2051160235000,2051184519900,28400,337200,2051184363900,2051184519900,0,2051160235000,

0,152368,2051113572414,2051130239080,-654592783,2051146862000,2051148444800,2051148495700,2051148619200,2051213572410,2051146845800,16666666,2051148759200,2051184667200,2051185026500,2051195553400,2051220532700,35700,435500,2051220354700,2051220532700,0,2051195553400,

0,152383,2051146905746,2051180239078,-489149973,2051188131800,2051188817200,2051188867500,2051188986000,2051246905742,2051188108600,16666666,2051189096300,2051220709200,2051220904000,2051230144100,2051257442600,27100,552800,2051257286500,2051257442600,0,2051230144100,

0,152412,2051196905744,2051213572410,-616490970,2051221678900,2051222455500,2051222499500,2051222622500,2051280239074,2051221660800,16666666,2051222755900,2051257598400,2051257790000,2051265412600,2051291864600,40000,399300,2051291682500,2051291864600,0,2051265412600,

0,152434,2051230239076,2051246905742,-128834755,2051258257000,2051259019800,2051259062000,2051259160900,2051313572406,2051258240100,16666666,2051259285200,2051292044700,2051292240900,2051305520900,2051325812700,34200,360400,2051325624200,2051325812700,0,2051305520900,

0,152456,2051263572408,2051280239074,-618479773,2051293048500,2051294099300,2051294181400,2051294278900,2051346905738,2051293032900,16666666,2051294413700,2051326011100,2051326239600,2051341370800,2051362013100,64300,479500,2051361809100,2051362013100,0,2051341370800,

0,152478,2051296905740,2051313572406,-393796149,2051326587700,2051327160500,2051327431700,2051327527700,2051380239070,2051326570200,16666666,2051327661700,2051362203400,2051362407800,2051381192400,2051411292000,34000,5368800,2051411028700,2051411292000,0,2051381192400,

0,152500,2051330239072,2051346905738,-586473004,2051362699100,2051363338500,2051363399900,2051363495600,2051430239068,2051362681600,16666666,2051363603100,2051411469800,2051411675100,2051425238900,2051456701900,28600,450600,2051456515700,2051456701900,0,2051425238900,

0,152522,2051363572404,2051396905736,-935105479,2051412741900,2051412781100,2051413102200,2051413247200,2051480239066,2051412727100,16666666,2051413442800,2051458600900,2051458800000,2051469063000,2051497693600,32100,952000,2051497407000,2051497693600,0,2051469063000,

0,152530,2051413572402,2051446905734,0,2051459177500,2051459368100,2051459739400,2051459855500,2051530239064,2051459154600,16666666,2051460022400,2051498010500,2051498206600,2051504968200,2051540261900,62500,1304500,2051539836400,2051540261900,0,2051504968200,

0,152538,2051463572400,2051496905732,0,2051498435500,2051498463700,2051499164300,2051499298300,2051563572396,2051498419500,16666666,2051499455100,2051541566400,2051541742300,2051549838400,2051609120300,39300,428700,2051609120300,2051585242500,0,2051549838400,

0,152546,2051513572398,2051530239064,0,2051542032500,2051542058700,2051542700900,2051542820800,2051630239060,2051542017900,16666666,2051543001200,2051585438800,2051585640300,2051595293700,2051629116700,38900,4756900,2051628871300,2051629116700,0,2051595293700,

0,152554,2051546905730,2051580239062,0,2051589521400,2051589549100,2051589821500,2051589958100,2051646905726,2051589506700,16666666,2051590631600,2051629338200,2051629659000,2051643009700,2051670600300,68400,553600,2051670320200,2051670600300,0,2051643009700,

0,152562,2051596905728,2051630239060,0,2051630509800,2051630539600,2051630766300,2051631613500,2051696905724,2051630490100,16666666,2051631852600,2051670850000,2051671229300,2051681422400,2051713690800,34800,1201800,2051713357300,2051713690800,0,2051681422400,

0,152570,2051646905726,2051663572392,0,2051671681500,2051671716600,2051672039700,2051672177300,2051730239056,2051671663100,16666666,2051672339600,2051713859200,2051714058900,2051731719200,2051757665300,36700,566500,2051757484800,2051757665300,0,2051731719200,

0,152578,2051680239058,2051713572390,0,2051714373100,2051714403900,2051714929900,2051715108300,2051780239054,2051714354600,16666666,2051715277600,2051757856100,2051758061800,2051767735000,2051795864100,36000,551600,2051795675200,2051795864100,0,2051767735000,

0,152586,2051730239056,2051746905722,0,2051758355100,2051758384800,2051758624600,2051758741600,2051813572386,2051758336100,16666666,2051758905700,2051796055600,2051796282000,2051809993200,2051839637800,67000,454800,2051834670800,2051839637800,0,2051809993200,

0,152594,2051763572388,2051780239054,0,2051796719600,2051796749600,2051796822800,2051796940700,2051863572384,2051796701600,16666666,2051797324500,2051839825000,2051841267500,2051842895400,2051859962900,8717400,597600,2051851088600,2051859962900,0,2051842895400,

0,152602,2051813572386,2051830239052,0,2051841587500,2051841616100,2051841676700,2051841803400,2051880239050,2051841570600,16666666,2051842177500,2051862651600,2051863742300,2051878994200,2051916328500,5590600,407300,2051915791800,2051916328500,0,2051878994200,

0,152610,2051846905718,2051863572384,0,2051864025000,2051864054400,2051864099100,2051864201400,2051946905714,2051864011400,16666666,2051873600200,2051926134000,2051926377400,2051931398200,2051961216800,29000,356300,2051961044800,2051961216800,0,2051931398200,

0,152618,2051863572384,2051913572382,0,2051929815000,2051929845200,2051929891100,2051929998600,2051980239046,2051929797100,16666666,2051931181500,2051962833900,2051963030500,2051964697500,2052034956000,33700,829500,2052034792300,2052034956000,0,2051964697500,

0,152626,2051946905714,2051946905714,0,2051963298100,2051963326300,2051963397100,2051963801600,2052063572376,2051963282800,16666666,2051964303600,2052035136700,2052035336600,2052037154600,2052054115800,8897300,1480900,2052045067400,2052054115800,0,2052037154600,

0,152634,2051980239046,2052030239044,0,2052036326000,2052036352000,2052036473600,2052036714900,2052080239042,2052036307200,16666666,2052037049500,2052054296900,2052054513300,2052056188600,2052077881100,9785600,285300,2052067643100,2052077881100,0,2052056188600,

0,152642,2052046905710,2052046905710,0,2052054884600,2052054913700,2052054956500,2052055066600,2052096905708,2052054869000,16666666,2052055586400,2052078065400,2052078263700,2052080619800,2052097551500,11351300,683700,2052085995200,2052097551500,0,2052080619800,

0,152650,2052063572376,2052063572376,0,2052078913600,2052078944100,2052078983800,2052079090800,2052113572374,2052078895100,16666666,2052079184100,2052097737400,2052097913700,2052099813400,2052114175900,38900,486200,2052113993100,2052114175900,0,2052099813400,

---PROFILEDATA---





View hierarchy:



  com.android.settings/com.android.settings.homepage.SettingsHomepageActivity/android.view.ViewRootImpl@6f88980

  162 views, 287.64 kB of render nodes





Total ViewRootImpl   : 1

Total attached Views : 162

Total RenderNode     : 287.64 kB (used) / 914.05 kB (capacity)



